72102212332
967366955344
922681462206
245861379349
451847880221
761465991965
819644818733
183196158466
934828045568
929728191046
669056685117
294182600318
68438765338
339621917686
253287248748
264863527369
648168072245
160326647510
110640330813
505609739597
10027402160
177999181484
42210740077
281076248719
419044967301
673823299932
122148391195
939631472601
886156539019
807094245736
261872648619
331729092880
798984073060
813621981789
166728269855
643521960678
913160803051
35575565335
212873065836
879592218437
258430353013
259257941192
434644146531
985906401069
726662491015
773338166782
305004894847
242256768408
506528722106
186628867100
373969329158
178772741082
167563494898
201853863551
167118260657
212401101760
641927883038
385661729464
35071605391
93251989900
664224540114
305869514962
252077782461
798199832457
576026418505
879561195969
137047076073
266964950046
643399571855
109642398733
498704269920
301545527
993510001306
616397380645
222439420086
572353480533
794223410667
837132919446
785018779825
832650527748
736725540925
813745141883
569641532478
678686674590
552948228817
682824631989
9075191233
728289302658
729686554586
9840039682
123013651626
328956271228
606937708019
317810897435
626446893744
95409786187
764872903046
523642770241
459235297962
789151832339
